Red: Red de Vigilancia y Control de la Contaminación AtmosféricaEstación: 03014006-Alacant - El Pla
	
FECHA	C8H10	SO2	CO	NO	NO2	PM10	Ni	NOx	O3	As	Pb	C7H8	BaP	Cd	C6H6
	µg/m³	µg/m³	mg/m³	µg/m³	µg/m³	µg/m³	ng/m³N	µg/m³	µg/m³	ng/m³N	µg/m³	µg/m³	ng/m³N	ng/m³N	µg/m³
01/01/2022	1,4	3	0,2	10	27	37		43	35			1,5	0,22		0,6
02/01/2022	2,4	3	0,2	36	41			96	21			2,8			0,9
03/01/2022	2,8	4	0,2	44	48	42		115	22			3,3			0,9
04/01/2022	2,7	4	0,2	44	39	45	1,4	107	30	0,73	0,01	3,7		0,17	0,8
05/01/2022	0,2	3	0,1	1	10	16		13	65			0,1	0,04		0,1
06/01/2022	0,6	3	0,1	4	19	8	1,4	25	53	0,05	0,01	0,5		0,05	0,3
07/01/2022	1,8	4	0,2	31	46	17		93	40			1,9			0,6
08/01/2022	0,5	3	0,1	4	23	11	1,4	29	55	0,05	0,01	0,3		0,05	0,2
09/01/2022	0,1	4	0,1	1	3	18		5	73			0,1	0,04		0,1
10/01/2022	0,4	3	0,1	3	14	16	1,4	18	53	0,24	0,01	0,3		0,05	0,2
11/01/2022	0,9	3	0,1	9	30	10		44	47			0,9			0,3
12/01/2022	0,7	3	0,1	8	25	12	1,4	37	38	0,24	0,01	0,6		0,05	0,3
13/01/2022	0,5	3	0,1	7	27	12		38	51			0,3	0,04		0,2
14/01/2022	1	3	0,1	9	39	17	1,4	53	44	0,19	0,01	0,9		0,05	0,4
15/01/2022	0,9	3	0,2	11	37	18		53	46			0,9			0,4
16/01/2022	0,8	3	0,1	6	31	17	1,4	41	46	0,21	0,01	0,7		0,22	0,4
17/01/2022	1,4	3	0,2	24	45	19		81	42			1,3			0,5
18/01/2022	1,6	4	0,2	25	52	24	1,4	91	40	0,3	0,01	1,7		0,05	0,5
19/01/2022	1,6	3	0,2	19	53	21		82	42			1,6			0,5
20/01/2022	1,1	3	0,1	12	43	20	1,4	62	43	0,33	0,01	1		0,05	0,4
21/01/2022	0,9	3	0,1	12	37	15		55	48			0,9	0,13		0,3
22/01/2022	0,4	3	0,1	3	26	10	1,4	31	47	0,15	0,01	0,2		0,05	0,2
23/01/2022	0,5	3	0,1	4	26	7		33	39			0,4			0,3
24/01/2022	1	3	0,1	13	35	11	1,4	55	47	0,14	0,01	0,8		0,05	0,3
25/01/2022	0,4	3	0,1	2	23	10		27	65			0,2			0,2
26/01/2022	0,9	3	0,1	12	31	13	1,4	49	52	0,16	0,01	0,8		0,05	0,3
27/01/2022	1,1	3	0,1	15	42	15		66	39			1			0,4
28/01/2022	1,8	3	0,1	27	51	22	1,4	92	37	0,26	0,01	1,9		0,05	0,5
29/01/2022	2	5	0,2	34	56	23		108	34			2	0,44		0,6
30/01/2022	1,9	4	0,2	13	44			63	37			1,9			0,6
31/01/2022	1,9	4	0,2	28	53			96	36			1,9			0,6
01/02/2022	1,1	3	0,2	6	36			45	53			1			0,3
02/02/2022	2,3	4	0,2	37	60			118	23			2,6			0,7
03/02/2022	3,4	4	0,3	66	65			167	21			4,3			0,9
04/02/2022	2,2	3	0,2	19	56			84	27			2,3			0,6
05/02/2022	0,7	3	0,1	3	27	21	3	31	50	0,34	0,01	0,6		0,05	0,3
06/02/2022	0,6	3	0,1	3	24	12		29	46			0,5	0,12		0,2
07/02/2022	1,3	3	0,1	23	37	22	1,4	72	32	0,42	0,01	1,2		0,05	0,4
08/02/2022	1,1	3	0,1	11	38	17		54	44			0,9			0,3
09/02/2022	0,5	3	0,1	3	27	19	1,4	32	58	6,53	0,01	0,3		0,05	0,3
10/02/2022	0,8	3	0,1	7	32	17		43	62			0,6			0,3
11/02/2022	1	3	0,1	10	37	21	1,4	53	53	0,33	0,01	0,9		0,05	0,3
12/02/2022	1	3	0,1	4	37	22		43	54			0,8			0,3
13/02/2022	0,8	3	0,1	2	26	20	1,4	29	63	0,25	0,01	0,7		0,05	0,3
14/02/2022	1	3	0,1	14	27	22		49	56			0,9	0,08		0,3
15/02/2022	0,7	4	0,1	5	30	10	1,4	37	60	0,05	0,01	0,6		0,05	0,2
16/02/2022	1,1	3	0,1	6	36	20		46	55			0,9			0,3
17/02/2022	1	3	0,2	6	38	16	1,4	47	45	0,26	0,01	0,7		0,05	0,3
18/02/2022	1,9	3	0,2	24	53	28		89	41			2,1			0,5
19/02/2022	0,7	3	0,1	2	23	24	1,4	26	64	0,22	0,01	0,7		0,05	0,2
20/02/2022	0,3	3	0,1	1	15	13		17	65			0,2			0,2
21/02/2022	1,4	3	0,1	14	44	24	1,4	66	37	0,26	0,01	1,4		0,05	0,4
22/02/2022	1,2	3	0,1	13	38	23		57	47			1,2	0,07		0,3
23/02/2022	1	3	0,1	12	39	20	1,4	58	50	0,15	0,01	1		0,05	0,3
24/02/2022	0,7	3	0,1	10	25	18		41	65			0,7			0,2
25/02/2022	0,4	3	0,1	3	19	21	1,4	25	67	0,15	0,01	0,3		0,05	0,2
26/02/2022	0,2	3	0,1	1	10	19		12	80			0,1			0,1
27/02/2022	0,3	3	0,1	1	19	15	1,4	21	68	0,05	0,01	0,2		0,05	0,2
28/02/2022	0,6	3	0,1	8	28	16		41	64			0,5			0,2
01/03/2022	0,7	3	0,1	6	28	20	1,4	37	65	0,22	0,01	0,7		0,05	0,2
02/03/2022	1,2	3	0,2	9	43	26		57	57			1,2	0,08		0,3
03/03/2022	0,8	3	0,1	9	29	18	1,4	43	63	0,19	0,01	0,6		0,05	0,2
04/03/2022	1,6	3	0,2	18	32	16		60	61			1,8			0,4
05/03/2022	0,6	3	0,1	3	24	13	1,4	30	47	0,2	0,01	0,4		0,05	0,2
06/03/2022	0,1	3	0,1	1	7	7		9	79			0,1			0,1
07/03/2022	0,3	3	0,1	4	25	8	1,4	32	64	0,05	0,01	0,2		0,05	0,2
08/03/2022	1	3	0,1	12	38	14		57	41			0,9			0,4
09/03/2022	1	3	0,1	8	34	16	1,4	47	49	0,29	0,01	0,7		0,05	0,3
10/03/2022	0,8	3	0,1	4	29	13		36	63			0,6	0,08		0,2
11/03/2022	0,5	3	0,1	5	23	17	4	30	69	0,28	0,01	0,4		0,05	0,2
12/03/2022	0,3	3	0,1	1	16	11	1,4	18	69	0,14	0,01	0,3		0,05	0,1
13/03/2022	0,6	3	0,1	1	20	13	1,4	23	56	0,19	0,01	0,4		0,05	0,2
14/03/2022	0,1	3	0,1	1	8	155		11	87			0,1	0,04		0,1
15/03/2022	0,2	3	0,1	1	14	205		17	74			0,1			0,1
16/03/2022	0,2	3	0,1	2	19	66	1,4	23	61	0,57	0,01	0,2		0,05	0,1
17/03/2022	0,1	3	0,1	2	15	23	1,4	17	71	0,21	0,01	0,1		0,05	0,1
18/03/2022	0,1	3	0,1	2	22	19		25	70			0,1	0,04		0,1
19/03/2022	0,1	3	0,1	1	14	18		16	78			0,1			0,1
20/03/2022	0,1	3	0,1	1	4	22	1,4	6	87	0,25	0,01	0,1		0,05	0,1
21/03/2022	0,1	3	0,1	2	11	33	1,4	14	81	0,18	0,01	0,1		0,05	0,1
22/03/2022	0,1	3	0,1	1	9	14	1,4	11	91	0,05	0,01	0,1		0,05	0,1
23/03/2022	0,1	3	0,1	1	9	14		11	88			0,1			0,1
24/03/2022	0,1	3	0,1	1	9	41	1,4	11	89	0,37	0,01	0,1		0,05	0,1
25/03/2022	0,1	3	0,1	1	9	32	1,4	12	97	0,33	0,01	0,1		0,05	0,1
26/03/2022	0,2	3	0,1	1	13	20		15	91			0,1	0,04		0,1
27/03/2022	0,3	3	0,1	1	12	20	1,4	14	86	0,25	0,01	0,2		0,05	0,1
28/03/2022	0,5	3	0,1	4	25	53		31	64			0,3			0,1
29/03/2022	0,4	3	0,1	3	21	72	1,4	25	65	0,69	0,01	0,4		0,05	0,1
30/03/2022	0,3	3	0,1	4	26	48		32	61			0,4			0,1
31/03/2022	0,3	3	0,1	2	14	16	1,4	17	72	0,2	0,01	0,5		0,05	0,1
01/04/2022	0,3	3	0,1	2	13	13		16	78			0,7			0,1
02/04/2022	0,2	3	0,1	1	8	8	1,4	10	91	0,05	0,01	0,2		0,05	0,1
03/04/2022						9							0,04		
04/04/2022						14	1,4			0,05	0,01			0,05	
05/04/2022	0,1	3	0,1	2	18	11		21	85			0,3			0,1
06/04/2022	0,4	3	0,1	4	26	14	1,4	33	72	0,19	0,01	0,3		0,05	0,2
07/04/2022	0,6	3	0,1	8	23	23		35	73			0,6			0,2
08/04/2022	0,4	3	0,1	6	20	22	1,4	30	60	0,24	0,01	0,4		0,05	0,2
09/04/2022	0,1	3	0,1	1	11	16		14	69			0,1			0,2
10/04/2022	0,2	3	0,1	1	7	18	3	9	74	0,14	0,01	0,2		0,05	0,2
11/04/2022	0,5	3	0,1	6	23	30		33	62			2,1	0,04		0,2
12/04/2022	0,1	3	0,1	2	19	28	1,4	22	66	0,26	0,01	1,6		0,05	0,2
13/04/2022	0,2	3	0,1	2	16	10		19	72			0,1			0,2
14/04/2022	0,1	3	0,1	1	7	18	1,4	9	94	0,2	0,01	0,1		0,05	0,1
15/04/2022	0,1	3	0,1	1	14	23		16	100			0,1			0,1
16/04/2022	0,1	3	0,1	2	29	25	1,4	32	66	0,36	0,01	0,1		0,05	0,2
17/04/2022	0,1	4	0,1	1	14	22		16	89			0,1			0,1
18/04/2022	0,1	3	0,1	1	10	18	1,4	12	104	0,25	0,01	0,1		0,05	0,1
19/04/2022	0,1	3	0,1	1	15	17		17	96			0,1	0,04		0,1
20/04/2022	0,1	3	0,1	2	12	8	1,4	15	78	0,05	0,01	0,8		0,05	0,3
21/04/2022	0,1	3	0,1	1	14	9		16	75			0,1			0,1
22/04/2022	0,1	3	0,1	7	30	20	3	41	54	0,24	0,01	0,1		0,05	0,2
23/04/2022	0,1	3	0,1	1	5	10		7	81			0,1			0,2
24/04/2022	0,1	3	0,1	1	6	10	1,4	8	84	0,05	0,01	0,1		0,05	0,2
25/04/2022	0,2	3	0,1	3	15	11		19	71			0,1			0,2
26/04/2022	0,2	3	0,1	3	19	12	1,4	24	74	0,05	0,01	0,1		0,05	0,2
27/04/2022	0,1	3	0,1	2	32	20		36	50			0,1	0,04		0,1
28/04/2022	0,1	3	0,1	2	26	13	1,4	30	46	0,26	0,01	0,1		0,05	0,1
29/04/2022	1	3	0,1	14	31	21		52	66			0,3			0,3
30/04/2022	0,3	3	0,1	1	20	19	4	22	87	0,24	0,01	0,2		0,05	0,1
01/05/2022	0,4	3	0,1	1	16	25		18	83			0,3	0,04		0,1
02/05/2022	0,2	3	0,1	1	10	16	4	12	91	0,25	0,01	0,1		0,05	0,1
03/05/2022	0,2	3	0,1	1	13	14		15	85			0,5			0,1
04/05/2022	0,2	3	0,1	1	16	10	1,4	18	80	0,15	0,01	1		0,05	0,1
05/05/2022	0,3	4	0,1	1	16	14		18	80			0,3	0,04		0,1
06/05/2022	0,5	3	0,1	3	20	17	4	25	74	0,27	0,01	0,7		0,05	0,1
07/05/2022	0,4	3	0,1	1	19	17		21	73			0,2			0,1
08/05/2022	0,3	3	0,1	1	13	16	3	15	80	0,22	0,01	0,2		0,05	0,1
09/05/2022	0,3	3	0,1	2	19	17		22	85			0,2			0,1
10/05/2022	0,4	3	0,1	3	18	16	1,4	22	83	0,19	0,01	0,9		0,05	0,1
11/05/2022	0,4	3	0,1	3	17	18		22	74			0,5			0,1
12/05/2022	0,4	3	0,1	3	14	26	1,4	18	74	0,23	0,01	0,8		0,05	0,1
13/05/2022	0,4	4	0,1	2	17	22		20	74			0,3			0,1
14/05/2022	0,4	4	0,1	2	16	22	3	19	72	0,21	0,01	0,3		0,05	0,1
15/05/2022	0,2	3	0,1	1	8	25		9	83			0,2			0,1
16/05/2022	0,4	3	0,1	2	18	25	6	20	67	0,28	0,01	0,4		0,05	0,1
17/05/2022	0,3	3	0,1	1	13	24		16	64			0,4			0,1
18/05/2022	0,3	3	0,1	2	12	22	4	14	60	0,21	0,01	0,6		0,05	0,1
19/05/2022	0,7	3	0,1	4	16	32		23	71			2,1			0,2
20/05/2022	0,6	3	0,1	6	22	29	1,4	31	76	0,27	0,01	0,5		0,05	0,1
21/05/2022	0,4	3	0,1	1	16	21		19	81			0,3			0,1
22/05/2022	0,3	3	0,1	1	11	16	4	13	93	0,18	0,01	0,2		0,05	0,1
23/05/2022						27									
24/05/2022						20	4			0,23	0,01			0,05	
25/05/2022	0,1			2	6	7		9	76			0,1			0,1
26/05/2022	0,3	4		3	13	11	1,4	17	75	0,05	0,01	0,3		0,05	0,1
27/05/2022	0,3	3	0,1	1	14	12		17	79			0,2			0,1
28/05/2022	0,5	3	0,1	1	24	19	1,4	26	72	0,19	0,01	0,5		0,05	0,2
29/05/2022						31									
30/05/2022	0,4	3	0,1	2	18	26	4	20	75	0,23	0,01	0,4		0,05	0,1
31/05/2022	0,1	3	0,1	1	7	15		8	85			1,5			0,1
01/06/2022	0,2	3	0,1	1	9	15	3	10	72	0,17	0,01	0,4		0,05	0,1
02/06/2022	0,2	3	0,1	2	10	15		12	71			0,4			0,1
03/06/2022	0,2	3	0,1	1	7	12	5	9	71	0,05	0,01	0,3		0,05	0,1
04/06/2022	0,1	3	0,1	1	8	15		10	76			0,1			0,1
05/06/2022	0,5	3	0,1	2	13	21	1,4	16	68	0,2	0,01	5		0,05	0,1
06/06/2022	0,4	3	0,1	2	14	18		17	74			1,2	0,04		0,1
07/06/2022	0,3	3	0,1	2	14	18	6	16		0,2	0,01	0,4		0,05	0,1
08/06/2022						18									
09/06/2022						14	6			0,14	0,01			0,05	
10/06/2022	0,2	3	0,1	2	8	15		10	58			0,1			0,1
11/06/2022	0,3	3	0,1	1	13	15	1,4	15	54	0,05	0,01	0,1		0,05	0,1
12/06/2022	0,3	3	0,1	1	11			13	69			0,2			0,1
13/06/2022	0,6	3	0,1	3	21			26	63			0,4			0,2
14/06/2022	0,5	3	0,1	3	16	21	4	20	77	0,21	0,01	0,6		0,05	0,1
15/06/2022	0,5	3	0,1	3	21	24		26	70			0,9			0,1
16/06/2022	0,6	4	0,1	4	24			30	68			1			0,1
17/06/2022	1,2			6	33			41	57			1,2			0,2
18/06/2022	0,6		0,1	1	19			21	71			0,5			0,1
19/06/2022	0,1		0,1	1	6			7	86			0,1			0,1
20/06/2022	0,2	3	0,1	1	8			10	63			0,1			0,1
21/06/2022	0,3	3	0,1	2	12			14	60			0,2			0,1
22/06/2022	0,3	3	0,1	2	13			16	54			0,2			0,1
23/06/2022	0,2	3	0,1	1	10			12	62			0,2			0,1
24/06/2022	0,4	4	0,1	3	16	23		20	59			0,2			0,2
25/06/2022	0,3	3	0,1	2	13	17	4	15	69	0,26	0,01	0,2		0,05	0,1
26/06/2022						18	4			0,17	0,01			0,05	
27/06/2022						19	4			0,15	0,01			0,05	
28/06/2022	0,2	3	0,1	1	10	20	3	12	60	0,16	0,01	0,4		0,05	0,1
29/06/2022	0,3	3	0,1	2	11	20	6	14	55	0,29	0,01	0,6		0,05	0,1
30/06/2022	0,2	3	0,1	1	7	18		9	65			0,5			0,1
01/07/2022	0,1	3	0,1	1	6	18	1,4	7	62	0,05	0,01	0,7		0,05	0,1
02/07/2022	0,1	3	0,1	1	7	19		8	63			0,1			0,1
03/07/2022	0,1	3	0,1	1	4	16	1,4	6	76	0,05	0,01	0,1		0,05	0,1
04/07/2022	0,1	3	0,1	1	6	23		7				0,2			0,1
05/07/2022	0,1	3	0,1	1	6	27	4	7		0,24	0,01	0,2		0,05	0,2
06/07/2022	0,2	3	0,1	1	7	30	1,4	9		0,26	0,01	0,2		0,05	0,1
07/07/2022	0,2	3	0,1	1	11	18	1,4	13	78	0,15	0,01	0,2		0,05	0,1
08/07/2022	0,2	4	0,1	2	11	17		13	82			0,4			0,1
09/07/2022	0,2	4	0,1	1	10	18	3	11	88	0,19	0,01	0,1		0,05	0,1
10/07/2022	0,2	5		1	7	19		8	92			0,1			0,1
11/07/2022	0,4	4	0,1	2	19	18	1,4	21	77	0,15	0,01	0,4		0,05	0,1
12/07/2022	0,5			2	18	21		21	84			0,3			0,1
13/07/2022	0,6			2	29	22	1,4	32	72	0,2	0,01	0,5		0,05	0,1
14/07/2022	0,6	4	0,1	3	22	17		27	68			0,6			0,1
15/07/2022	0,5	3	0,1	3	22			26	67			0,4			0,1
16/07/2022	0,6	3	0,1	2	23	20		25	74			0,4			0,1
17/07/2022	0,3	3	0,1	1	11			13	91			0,2			0,1
18/07/2022	0,5	3	0,1	2	18	19		21	88			0,4			0,1
19/07/2022	0,5	3	0,1	3	17			21	79			0,5			0,1
20/07/2022	0,2	3	0,1	2	10	15		12	65			0,1			0,1
21/07/2022	0,3	3	0,1	3	15			19	60			0,2			0,1
22/07/2022	0,4	3	0,1	2	15			19	64			0,3			0,1
23/07/2022	0,3	3	0,1	2	12			15	59			0,3			0,1
24/07/2022	0,3	3	0,1	1	13	16		14	57			0,2			0,1
25/07/2022	0,5	5		5	21			30	73			0,6			0,2
26/07/2022	0,1			1	8	21		10	76			0,1			0,1
27/07/2022	0,1	5		1	6			8	68			0,1			0,1
28/07/2022	0,2	3	0,1	2	10	21		13	66			0,2			0,1
29/07/2022	0,3	3	0,1	1	9			10	72			0,1			0,1
30/07/2022	0,2	3	0,2	3	8	26		12	67			0,1			0,1
31/07/2022	0,2	3	0,1	1	6			7	85			0,1			0,1
01/08/2022	0,1	3	0,1	1	11	14		13	87			0,1	0,04		0,1
02/08/2022	0,2	3	0,1	2	18			21	74			0,2			0,1
03/08/2022	0,3	3	0,1	2	21	21		25	69			0,4			0,1
04/08/2022	0,8	4	0,1	2	18			20	75			0,2			0,1
05/08/2022	1,1	3	0,1	1	13			14	74			0,1			0,1
06/08/2022	1	4	0,1	1	13			14	79			0,2			0,1
07/08/2022	0,6	3	0,1	1	9	17		10	74			0,2			0,1
08/08/2022	0,9	3		1	3	13	1,4	4	74	0,17	0,01	0,1		0,05	0,1
09/08/2022	0,5			1	2			4	84			0,2	0,04		0,1
10/08/2022	0,5	3	0,1	1	1	19	1,4	2	79	0,18	0,01	0,6		0,05	0,1
11/08/2022	0,6	3	0,1	1	5			6	77			0,8	0,04		0,1
12/08/2022	0,9	3	0,1	1	6	18	1,4	7	79	0,21	0,01	0,9		0,05	0,1
13/08/2022						104	3			0,7	0,01			0,05	
14/08/2022						30	1,4			0,3	0,01			0,05	
16/08/2022	1,1	3		2	16	28	3	18	90	0,29	0,01	0,1		0,05	0,1
17/08/2022	0,4	4		2	16	33		19	84			0,3			0,1
18/08/2022	0,2	3	0,1	1	13	26	1,4	14	82	0,19	0,01	0,4		0,05	0,1
19/08/2022	0,2	3	0,1	1	10	16		11	81			0,2			0,1
20/08/2022	0,2	3	0,1	1	8	12	1,4	9	74	0,05	0,01	0,1		0,05	0,1
21/08/2022	0,2	3	0,1	1	7	14		8	73			0,1			0,1
22/08/2022	0,2	3	0,1	1	9	13	3	10	66	0,05	0,01	0,1		0,05	0,1
23/08/2022	0,2	3	0,1	1	7	12		8	53			0,1			0,1
24/08/2022	0,2	3	0,1	1	11	14	1,4	12	50	0,05	0,01	0,1		0,05	0,1
25/08/2022	0,2	3	0,1	2	10	14		11	58			0,2			0,1
26/08/2022	0,2	3	0,1	1	9	21	1,4	10	65	0,05	0,01	0,2		0,05	0,1
27/08/2022	0,2	3	0,1	1	8	17		9	84			0,1			0,1
28/08/2022	0,1	3	0,1	2	5	15	1,4	6	84	0,16	0,01	0,1		0,05	0,1
29/08/2022	0,3	3	0,1	2	15	20		17	71			0,2			0,1
30/08/2022	0,5	3	0,1	2	19	34	1,4	22	55	0,33	0,01	0,8		0,05	0,2
31/08/2022	0,4	3	0,1	2	16	44		18	63			0,3			0,1
01/09/2022	0,3	3	0,1	2	13	43	5	15	64	0,55	0,01	0,4		0,05	0,1
02/09/2022	0,5	3	0,1	3	21	35		25	60			0,4	0,04		0,2
03/09/2022	0,6	3	0,1	4	23	24	4	28	56	0,34	0,01	0,6		0,05	0,2
04/09/2022	0,2	3	0,1	1	7	18		8	74			0,2			0,1
05/09/2022	0,2	3	0,1	1	8	19	5	9	78	0,31	0,01	0,2		0,05	0,1
06/09/2022	0,5	3	0,1	3	21	25		24	69			0,6			0,1
07/09/2022	0,6	3	0,1	3	30	29	6	35	66	0,42	0,01	0,7		0,05	0,2
08/09/2022	0,7	3	0,1	9	23	27	5	35	68	0,38	0,01	0,9		0,05	0,2
09/09/2022	0,5	3	0,1	4	20	25	8	26	69	0,34	0,01	0,5		0,05	0,2
10/09/2022	0,3	3	0,1	1	12	17		13	66			0,3	0,04		0,1
11/09/2022	0,3	3	0,1	1	9	15	6	10	57	0,21	0,01	0,4		0,05	0,1
12/09/2022	0,5	3	0,1	10	20	30		34	54			0,7			0,2
13/09/2022	0,2	3	0,1	1	9	28	1,4	10	59	0,32	0,01	0,2		0,05	0,1
14/09/2022	0,4	3	0,1	4	15	29	3	20	45	0,32	0,01	0,4		0,05	0,1
15/09/2022	0,5	3	0,1	3	21	27	5	25	60	0,21	0,01	0,7		0,05	0,1
16/09/2022	0,4	3	0,1	2	15	23	5	18	68	0,17	0,01	0,7		0,05	0,1
17/09/2022	0,2	3	0,1	1	9	20	1,4	10	70	0,17	0,01	0,1		0,05	0,1
18/09/2022	0,1	3	0,1	1	2	20		3	80			0,1	0,04		0,1
19/09/2022	0,3	3	0,1	4	15	19		20	66			0,3			0,1
20/09/2022	0,3	3	0,1	2	14	16	1,4	17	63	0,18	0,01	0,3		0,05	0,1
21/09/2022	0,3	3	0,1	2	14	15	1,4	16	67	0,14	0,01	0,3		0,05	0,1
22/09/2022	0,5	3	0,1	5	21	13	5	27	63	0,17	0,01	0,5		0,05	0,1
23/09/2022	0,3	3	0,1	3	13	10		17	69			0,3			0,1
24/09/2022	0,5	3	0,1	1	24	13	8	25	59	0,29	0,01	0,4		0,05	0,1
25/09/2022	0,1	3	0,1	1	4	7		4	69			0,1			0,1
26/09/2022	0,2	3	0,1	1	10	4		12	71			0,2			0,1
27/09/2022	0,9	3	0,5	3	17	18	5	21	60	0,26	0,01	0,5		0,05	1,8
28/09/2022	0,4	3	0,1	3	20	24		23	62			0,4			0,1
29/09/2022	0,3	3	0,1	1	10	16	1,4	11	62	0,34	0,01	0,1		0,05	0,1
30/09/2022	0,4	3	0,1	2	15	8		18	57			0,3			0,1
01/10/2022	0,5	3	0,1	2	22	10	5	25	57	0,05	0,01	0,3		0,05	0,1
02/10/2022	0,2	3	0,1	1	8	5		8	69			0,1			0,1
03/10/2022	0,5	3	0,1	4	18	11	1,4	23	58	0,05	0,01	0,4		0,05	0,1
04/10/2022	0,6	4	0,1	4	23	21		29	48			0,5	0,04		0,2
05/10/2022	0,5	4	0,1	5	14	17	1,4	21	56	0,2	0,01	0,4		0,05	0,2
06/10/2022	0,6	3	0,1	5	22	15		29	51			0,5			0,2
07/10/2022	0,4	3	0,1	2	16	20	5	18	58	0,23	0,01	0,4		0,05	0,1
08/10/2022	0,4	3	0,1	1	17	27		18	60			0,2			0,1
09/10/2022	0,3	3	0,1	1	9	15	1,4	9	70	0,21	0,01	0,2		0,05	0,1
10/10/2022	0,4	3	0,1	3	12	17		17	63			0,3			0,1
11/10/2022	0,4	3	0,1	4	16			21	55			0,3			0,1
12/10/2022	0,2	3	0,1	1	6	12		6	73			0,2	0,04		0,1
13/10/2022	0,4	3	0,1	4	18	16	7	23	62	0,3	0,01	0,3		0,05	0,1
14/10/2022	1,3	3	0,2	13	39	28		59	44			1,4			0,3
15/10/2022	1	3	0,1	5	35	22	9	42	48	0,36	0,01	0,9		0,05	0,2
16/10/2022	0,5	3	0,1	1	18	23		19	58			0,4			0,1
17/10/2022	0,7	3	0,1	6	24	36	3	33	54	0,46	0,01	0,5		0,05	0,2
18/10/2022	0,4	3	0,1	5	16	42		23	54			0,4			0,1
19/10/2022	0,4	3	0,1	5	13	49	7	20	54	0,57	0,01	0,4		0,05	0,2
20/10/2022	0,5	3	0,1	4	16	51		22	52			0,5	0,04		0,2
21/10/2022	0,8	3	0,1	5	25	51	7	33	43	0,71	0,01	0,8		0,05	0,2
22/10/2022	0,7	3	0,1	5	22	42	8	30	35	0,53	0,01	0,6		0,05	0,2
23/10/2022	0,6	3	0,1	2	19	38	8	22	38	0,51	0,01	0,5		0,05	0,2
24/10/2022	1,2	3	0,1	15	28	39	10	51	25	0,53	0,01	1,3		0,05	0,3
25/10/2022	1,9	4	0,3	37	45	50	9	101	25	0,51	0,01	3,2		0,05	0,4
26/10/2022	1,5	4	0,2	26	39	52		78	31			1,8			0,3
27/10/2022	1,4	4	0,2	23	35			70	45			1,7			0,3
28/10/2022	1,2	3	0,2	11	39	34		55	45			1,3			0,3
29/10/2022	0,5	3	0,2	1	19			21	62			0,3			0,1
30/10/2022	0,3	3	0,1	1	10	28		11	67			0,2			0,1
31/10/2022	0,5	3	0,1	3	21			24	54			0,4			0,2
01/11/2022	0,6	3	0,1	1	16	34		17	52			0,4	0,04		0,2
02/11/2022	0,6	3	0,1	4	22	34	4	28	50	0,37	0,01	0,6		0,05	0,2
03/11/2022	0,6	3	0,1	4	22	39		28	44			0,5			0,2
04/11/2022	0,3	3	0,1	2	14	28	1,4	16	54	0,26	0,01	0,2		0,05	0,1
05/11/2022	0,7	3	0,2	5	23	20		30	53			0,6			0,2
06/11/2022	0,6	3	0,3	3	22	22	8	26	48	0,39	0,01	0,5		0,05	0,2
07/11/2022	1,1	3	0,2	10	31	23		45	47			1			0,3
08/11/2022	1,2	3	0,2	13	35	33	9	54	37	0,43	0,01	1,3		0,05	0,3
09/11/2022	1,2	3	0,2	16	28	22		53	34			1,3			0,3
10/11/2022	0,4	3	0,1	4	18	13	3	24	53	0,14	0,01	0,4		0,05	0,2
11/11/2022	0,3	3	0,1	2	16	17		19	59			0,1			0,1
12/11/2022	0,2	3	0,1	1	8	28	1,4	10	74	0,24	0,01	0,1		0,05	0,1
13/11/2022						23									
14/11/2022						28	6			0,7	0,01			0,05	
15/11/2022	1	4	0,1	14	30	22		51	27			1,1			0,2
16/11/2022	0,6	3	0,1	6	14	9	1,4	23	43	0,19	0,01	0,6		0,05	0,2
17/11/2022	0,4	3	0,1	2	11	9		13	46			0,5			0,1
18/11/2022	0,5	3	0,1	1	16	9	1,4	17	47	0,05	0,01	0,3		0,05	0,1
19/11/2022	0,2	3	0,1	1	6	9		7	66			0,1			0,1
20/11/2022	0,2	3	0,1	1	6	7	1,4	6	65	0,05	0,01	0,1		0,05	0,1
21/11/2022	0,3	3	0,1	2	15	18		16	50			0,3			0,1
22/11/2022	0,2	3	0,1	1	7	9	1,4	8	68	0,05	0,01	0,2		0,05	0,1
23/11/2022	0,4	3	0,1	4	15	11	1,4	20	45	0,05	0,01	0,3		0,05	0,1
24/11/2022	1,3	3	0,3	21	28	18	3	60	35	0,22	0,01	1,3		0,05	0,3
25/11/2022	1	4	0,2	18	19	16		45	43			1			0,2
26/11/2022	0,7	3	0,2	4	20	15	3	26	44	0,05	0,01	0,6		0,05	0,2
27/11/2022	0,6	4	0,1	3	14	14		17	45			0,5			0,2
28/11/2022	0,3	3	0,1	3	13	17	1,4	16	55	0,19	0,01	0,2		0,05	0,1
29/11/2022	0,9	4	0,2	15	27	14		50	50			0,9			0,3
30/11/2022	0,8	3	0,2	8	23	12	4	35	40	0,05	0,01	0,8		0,05	0,2
01/12/2022	0,8	3	0,1	9	26	11	1,4	39	41	0,05	0,01	0,9		0,05	0,2
02/12/2022	0,4	3	0,1	5	22	5	1,4	28	48	0,05	0,01	0,2		0,05	0,2
03/12/2022	0,6	3	0,1	4	18	12		24	47			0,5			0,2
04/12/2022	0,9	3	0,2	4	26	13	1,4	31	34	0,2	0,01	0,8		0,05	0,3
05/12/2022	1	4	0,2	8	25	19		37	34			0,8			0,3
06/12/2022	0,6	3	0,1	1	17	18	4	19	40	0,34	0,01	0,4		0,05	0,2
07/12/2022	1	3	0,2	16	30	20		54	25			1,3	0,18		0,3
08/12/2022	0,9	4	0,2	5	27	16	1,4	34	34	0,2	0,01	0,7		0,05	0,3
09/12/2022	1	4	0,2	10	32	18		47	25			0,9			0,3
10/12/2022	0,3	3	0,1	1	12	7	1,4	13	60	0,05	0,01	0,2		0,05	0,1
11/12/2022						12									
12/12/2022						26	1,4			0,34	0,01			0,05	
13/12/2022	2	5	0,2	35	33	22		86	15			2,2			0,5
14/12/2022	1	4	0,2	13	29	16	1,4	48	31	0,05	0,01	0,9		0,05	0,3
15/12/2022	1,2	3	0,2	15	32	13		54	27			1,3	0,13		0,3
16/12/2022	0,9	3	0,2	8	18	15	1,4	30	40	0,05	0,01	0,9		0,05	0,3
17/12/2022	0,7	3	0,2	3	11	11		15	30			0,5			0,2
18/12/2022	0,6	3	0,1	1	5	10	1,4	7	29	1,56	0,01	0,4		0,05	0,2
19/12/2022	1,3	3	0,2	3	9	14		13	31			1,4			0,4
20/12/2022	1,2	4	0,2	3	11	22	4	14	25	0,32	0,01	1,3		0,05	0,4
21/12/2022	0,8	3	0,1	3	16	14		20	37			0,6			0,2
22/12/2022	0,5	3	0,1	2	16	12	1,4	19	50	0,05	0,01	0,3		0,05	0,2
23/12/2022	1,8	5	0,4	27	27	26		68	29			2,2			0,5
24/12/2022	1,5	4	0,4	7	15	24	1,4	26	18	3,1	0,01	1,5		0,05	0,4
25/12/2022	1	3	0,3	3	7	24		11	23			1			0,4
26/12/2022	2	4	0,4			28	1,4		17	0,18	0,01	2,5		0,05	0,6
27/12/2022	2	5	0,3			29			17			2,6			0,6
28/12/2022	1,8	4	0,3			29	1,4		22	0,35	0,01	2,2		1,61	0,5
29/12/2022	1,7	4	0,3			31			22			1,9			0,4
30/12/2022	0,9	3	0,1			31	1,4		34	0,44	0,01	0,8		0,05	0,2
31/12/2022	1,2	3	0,3			33	3		28	0,46	0,01	1,2		0,16	0,4
